[span 1] propagate before att:index 1, power: 1.000000e-03dB, ase_noise: 7.214969e-07dB, nli_noise: 0.000000e+00 dB, osnr: 3.141766e+01, gosnr: 3.141766e+01
1.channel: <ch1:191.35THz>
2.alpha: [2.48022953e-05 2.47896311e-05 2.47758156e-05 2.47620001e-05
 2.47504872e-05 2.47412768e-05 2.47320665e-05 2.47228561e-05
 2.47136458e-05 2.47055868e-05 2.46963764e-05 2.46871661e-05
 2.46779557e-05 2.46687454e-05 2.46595351e-05 2.46503247e-05
 2.46422657e-05 2.46330553e-05 2.46238450e-05 2.46146346e-05
 2.46054243e-05 2.45962140e-05 2.45870036e-05 2.45777933e-05
 2.45685829e-05 2.45605239e-05 2.45513136e-05 2.45421032e-05
 2.45328929e-05 2.45236825e-05 2.45144722e-05 2.45052619e-05
 2.44960515e-05 2.44868412e-05 2.44776308e-05 2.44684205e-05
 2.44592102e-05 2.44499998e-05 2.44407895e-05 2.44327304e-05
 2.44235201e-05 2.44143097e-05 2.44050994e-05 2.43958891e-05
 2.43866787e-05 2.43774684e-05 2.43682580e-05 2.43590477e-05
 2.43498374e-05 2.43406270e-05 2.43314167e-05 2.43222063e-05
 2.43129960e-05 2.43037857e-05 2.42945753e-05 2.42865163e-05
 2.42796085e-05 2.42727008e-05 2.42657930e-05 2.42588852e-05
 2.42519775e-05 2.42450697e-05 2.42381620e-05 2.42312542e-05
 2.42243465e-05 2.42174387e-05 2.42105310e-05 2.42036232e-05
 2.41967154e-05 2.41898077e-05 2.41828999e-05 2.41748409e-05
 2.41679331e-05 2.41610254e-05 2.41541176e-05 2.41472099e-05
 2.41403021e-05 2.41333944e-05 2.41264866e-05 2.41195788e-05
 2.41126711e-05 2.41057633e-05 2.40988556e-05 2.40907965e-05
 2.40838888e-05 2.40769810e-05 2.40700733e-05 2.40631655e-05
 2.40562578e-05 2.40493500e-05 2.40424422e-05 2.40343832e-05
 2.40274754e-05]
3.beta2: -2.1299984931566398e-26
4.gamma: 0.00127
5.effective_length: [18471.59671852 18478.89330918 18486.85863898 18494.82962167
 18501.47642904 18506.79670581 18512.11950054 18517.44481469
 18522.77264977 18527.43657456 18532.76914035 18538.10423132
 18543.44184897 18548.78199477 18554.12467023 18559.46987682
 18564.14901009 18569.4989666  18574.85145853 18580.20648739
 18585.56405466 18590.92416186 18596.28681046 18601.65200197
 18607.01973789 18611.71859522 18617.09110595 18622.46616541
 18627.84377509 18633.22393651 18638.60665116 18643.99192055
 18649.37974619 18654.77012959 18660.16307225 18665.55857569
 18670.95664141 18676.35727093 18681.76046577 18686.49036679
 18691.89837566 18697.3089542  18702.72210392 18708.13782634
 18713.55612298 18718.97699536 18724.40044499 18729.82647341
 18735.25508213 18740.68627269 18746.12004659 18751.55640537
 18756.99535056 18762.43688368 18767.88100627 18772.6467389
 18776.73323225 18780.82118443 18784.91059609 18789.00146788
 18793.09380044 18797.18759442 18801.28285047 18805.37956923
 18809.47775136 18813.57739751 18817.67850832 18821.78108444
 18825.88512652 18829.99063521 18834.09761117 18838.89093844
 18843.0010957  18847.11272228 18851.22581884 18855.34038603
 18859.4564245  18863.5739349  18867.69291788 18871.81337411
 18875.93530422 18880.05870889 18884.18358876 18888.99781397
 18893.12589235 18897.25544801 18901.3864816  18905.51899378
 18909.6529852  18913.78845652 18917.9254084  18922.75372439
 18926.8938864 ]
6.asymptotic_length: [20159.42449535 20169.72329107 20180.97034866 20192.22995645
 20201.62256504 20209.14294571 20216.66892763 20224.20051706
 20231.73772027 20238.33738307 20245.88512905 20253.43850689
 20260.99752289 20268.56218338 20276.13249467 20283.70846309
 20290.34208107 20297.92867374 20305.5209418  20313.11889164
 20320.72252963 20328.33186216 20335.94689564 20343.56763646
 20351.19409106 20357.87193096 20365.50911621 20373.15203374
 20380.80069    20388.45509146 20396.1152446  20403.7811559
 20411.45283185 20419.13027896 20426.81350375 20434.50251274
 20442.19731246 20449.89790946 20457.60431029 20464.35217714
 20472.06947786 20479.7926013  20487.52155407 20495.25634277
 20502.996974   20510.74345439 20518.49579057 20526.25398919
 20534.01805689 20541.78800034 20549.56382622 20557.34554119
 20565.13315197 20572.92666524 20580.72608773 20587.55543509
 20593.41276984 20599.27343847 20605.13744381 20611.00478873
 20616.87547606 20622.74950868 20628.62688943 20634.50762119
 20640.39170682 20646.27914919 20652.16995117 20658.06411565
 20663.96164549 20669.86254358 20675.76681282 20682.65939153
 20688.57097481 20694.4859384  20700.40428519 20706.32601808
 20712.25113999 20718.17965381 20724.11156248 20730.04686889
 20735.98557598 20741.92768666 20747.87320386 20754.81394998
 20760.76685804 20766.72318191 20772.68292453 20778.64608886
 20784.61267783 20790.5826944  20796.55614151 20803.52950293
 20809.51039306]
7.channel_under_test: 1
8.symbol_rate_cut: 32000000000.0
9.bw_cut: 32000000000.0
10.pwr_cut: 0.001
11.g_cut: 3.125e-14
12.symbol_rate_ch: 32000000000.0
13.pwr_ch: 0.001
14.g_ch: 3.125e-14
15.psi: 1.5171076054076698
16.g_nli: 4.629844987206023e-41
17. test
18.g_nli: 5.596309090948511e-18
****************************
<ch1:191.35THz>
****************************
[gn model] nli_noise_in  0.0 ,nli_noise_out  1.7908189091035235e-07
attenuation 11.928889070568705
[span] prev_component != LineTerminal:index 1, power: 8.383010e-05dB, ase_noise: 6.048316e-08dB, nli_noise: 1.501245e-08 dB, osnr: 3.141766e+01, gosnr: 3.045478e+01 

[span] Amplifier if hasattr(next component, 'link_to_port_in') 0
[span 2] propagate after att:index 1, power: 8.383010e-05dB, ase_noise: 6.048316e-08dB, nli_noise: 1.501245e-08 dB, osnr: 3.141766e+01, gosnr: 3.045478e+01

[span 1] propagate before att:index 1, power: 1.055358e-03dB, ase_noise: 9.426697e-07dB, nli_noise: 1.889956e-07 dB, osnr: 3.049040e+01, gosnr: 2.969682e+01
1.channel: <ch1:191.35THz>
2.alpha: [2.48022953e-05 2.47896311e-05 2.47758156e-05 2.47620001e-05
 2.47504872e-05 2.47412768e-05 2.47320665e-05 2.47228561e-05
 2.47136458e-05 2.47055868e-05 2.46963764e-05 2.46871661e-05
 2.46779557e-05 2.46687454e-05 2.46595351e-05 2.46503247e-05
 2.46422657e-05 2.46330553e-05 2.46238450e-05 2.46146346e-05
 2.46054243e-05 2.45962140e-05 2.45870036e-05 2.45777933e-05
 2.45685829e-05 2.45605239e-05 2.45513136e-05 2.45421032e-05
 2.45328929e-05 2.45236825e-05 2.45144722e-05 2.45052619e-05
 2.44960515e-05 2.44868412e-05 2.44776308e-05 2.44684205e-05
 2.44592102e-05 2.44499998e-05 2.44407895e-05 2.44327304e-05
 2.44235201e-05 2.44143097e-05 2.44050994e-05 2.43958891e-05
 2.43866787e-05 2.43774684e-05 2.43682580e-05 2.43590477e-05
 2.43498374e-05 2.43406270e-05 2.43314167e-05 2.43222063e-05
 2.43129960e-05 2.43037857e-05 2.42945753e-05 2.42865163e-05
 2.42796085e-05 2.42727008e-05 2.42657930e-05 2.42588852e-05
 2.42519775e-05 2.42450697e-05 2.42381620e-05 2.42312542e-05
 2.42243465e-05 2.42174387e-05 2.42105310e-05 2.42036232e-05
 2.41967154e-05 2.41898077e-05 2.41828999e-05 2.41748409e-05
 2.41679331e-05 2.41610254e-05 2.41541176e-05 2.41472099e-05
 2.41403021e-05 2.41333944e-05 2.41264866e-05 2.41195788e-05
 2.41126711e-05 2.41057633e-05 2.40988556e-05 2.40907965e-05
 2.40838888e-05 2.40769810e-05 2.40700733e-05 2.40631655e-05
 2.40562578e-05 2.40493500e-05 2.40424422e-05 2.40343832e-05
 2.40274754e-05]
3.beta2: -2.1299984931566398e-26
4.gamma: 0.00127
5.effective_length: [18471.59671852 18478.89330918 18486.85863898 18494.82962167
 18501.47642904 18506.79670581 18512.11950054 18517.44481469
 18522.77264977 18527.43657456 18532.76914035 18538.10423132
 18543.44184897 18548.78199477 18554.12467023 18559.46987682
 18564.14901009 18569.4989666  18574.85145853 18580.20648739
 18585.56405466 18590.92416186 18596.28681046 18601.65200197
 18607.01973789 18611.71859522 18617.09110595 18622.46616541
 18627.84377509 18633.22393651 18638.60665116 18643.99192055
 18649.37974619 18654.77012959 18660.16307225 18665.55857569
 18670.95664141 18676.35727093 18681.76046577 18686.49036679
 18691.89837566 18697.3089542  18702.72210392 18708.13782634
 18713.55612298 18718.97699536 18724.40044499 18729.82647341
 18735.25508213 18740.68627269 18746.12004659 18751.55640537
 18756.99535056 18762.43688368 18767.88100627 18772.6467389
 18776.73323225 18780.82118443 18784.91059609 18789.00146788
 18793.09380044 18797.18759442 18801.28285047 18805.37956923
 18809.47775136 18813.57739751 18817.67850832 18821.78108444
 18825.88512652 18829.99063521 18834.09761117 18838.89093844
 18843.0010957  18847.11272228 18851.22581884 18855.34038603
 18859.4564245  18863.5739349  18867.69291788 18871.81337411
 18875.93530422 18880.05870889 18884.18358876 18888.99781397
 18893.12589235 18897.25544801 18901.3864816  18905.51899378
 18909.6529852  18913.78845652 18917.9254084  18922.75372439
 18926.8938864 ]
6.asymptotic_length: [20159.42449535 20169.72329107 20180.97034866 20192.22995645
 20201.62256504 20209.14294571 20216.66892763 20224.20051706
 20231.73772027 20238.33738307 20245.88512905 20253.43850689
 20260.99752289 20268.56218338 20276.13249467 20283.70846309
 20290.34208107 20297.92867374 20305.5209418  20313.11889164
 20320.72252963 20328.33186216 20335.94689564 20343.56763646
 20351.19409106 20357.87193096 20365.50911621 20373.15203374
 20380.80069    20388.45509146 20396.1152446  20403.7811559
 20411.45283185 20419.13027896 20426.81350375 20434.50251274
 20442.19731246 20449.89790946 20457.60431029 20464.35217714
 20472.06947786 20479.7926013  20487.52155407 20495.25634277
 20502.996974   20510.74345439 20518.49579057 20526.25398919
 20534.01805689 20541.78800034 20549.56382622 20557.34554119
 20565.13315197 20572.92666524 20580.72608773 20587.55543509
 20593.41276984 20599.27343847 20605.13744381 20611.00478873
 20616.87547606 20622.74950868 20628.62688943 20634.50762119
 20640.39170682 20646.27914919 20652.16995117 20658.06411565
 20663.96164549 20669.86254358 20675.76681282 20682.65939153
 20688.57097481 20694.4859384  20700.40428519 20706.32601808
 20712.25113999 20718.17965381 20724.11156248 20730.04686889
 20735.98557598 20741.92768666 20747.87320386 20754.81394998
 20760.76685804 20766.72318191 20772.68292453 20778.64608886
 20784.61267783 20790.5826944  20796.55614151 20803.52950293
 20809.51039306]
7.channel_under_test: 1
8.symbol_rate_cut: 32000000000.0
9.bw_cut: 32000000000.0
10.pwr_cut: 0.0010553584699686948
11.g_cut: 3.297995218652171e-14
12.symbol_rate_ch: 32000000000.0
13.pwr_ch: 0.0010553584699686948
14.g_ch: 3.297995218652171e-14
15.psi: 1.5171076054076698
16.g_nli: 5.442099157515795e-41
17. test
18.g_nli: 6.5781185057402934e-18
****************************
<ch1:191.35THz>
****************************
[gn model] nli_noise_in  1.889955903902502e-07 ,nli_noise_out  3.994953825739396e-07
attenuation 11.928889070568705
[span] prev_component != LineTerminal:index 1, power: 8.847081e-05dB, ase_noise: 7.902410e-08dB, nli_noise: 3.348974e-08 dB, osnr: 3.049040e+01, gosnr: 2.895594e+01 

[span] Amplifier if hasattr(next component, 'link_to_port_in') 0
[span 2] propagate after att:index 1, power: 8.847081e-05dB, ase_noise: 7.902410e-08dB, nli_noise: 3.348974e-08 dB, osnr: 3.049040e+01, gosnr: 2.895594e+01

[span 1] propagate before att:index 1, power: 1.992404e-05dB, ase_noise: 2.103859e-08dB, nli_noise: 7.542047e-09 dB, osnr: 2.976361e+01, gosnr: 2.843306e+01
1.channel: <ch1:191.35THz>
2.alpha: [2.48022953e-05 2.47896311e-05 2.47758156e-05 2.47620001e-05
 2.47504872e-05 2.47412768e-05 2.47320665e-05 2.47228561e-05
 2.47136458e-05 2.47055868e-05 2.46963764e-05 2.46871661e-05
 2.46779557e-05 2.46687454e-05 2.46595351e-05 2.46503247e-05
 2.46422657e-05 2.46330553e-05 2.46238450e-05 2.46146346e-05
 2.46054243e-05 2.45962140e-05 2.45870036e-05 2.45777933e-05
 2.45685829e-05 2.45605239e-05 2.45513136e-05 2.45421032e-05
 2.45328929e-05 2.45236825e-05 2.45144722e-05 2.45052619e-05
 2.44960515e-05 2.44868412e-05 2.44776308e-05 2.44684205e-05
 2.44592102e-05 2.44499998e-05 2.44407895e-05 2.44327304e-05
 2.44235201e-05 2.44143097e-05 2.44050994e-05 2.43958891e-05
 2.43866787e-05 2.43774684e-05 2.43682580e-05 2.43590477e-05
 2.43498374e-05 2.43406270e-05 2.43314167e-05 2.43222063e-05
 2.43129960e-05 2.43037857e-05 2.42945753e-05 2.42865163e-05
 2.42796085e-05 2.42727008e-05 2.42657930e-05 2.42588852e-05
 2.42519775e-05 2.42450697e-05 2.42381620e-05 2.42312542e-05
 2.42243465e-05 2.42174387e-05 2.42105310e-05 2.42036232e-05
 2.41967154e-05 2.41898077e-05 2.41828999e-05 2.41748409e-05
 2.41679331e-05 2.41610254e-05 2.41541176e-05 2.41472099e-05
 2.41403021e-05 2.41333944e-05 2.41264866e-05 2.41195788e-05
 2.41126711e-05 2.41057633e-05 2.40988556e-05 2.40907965e-05
 2.40838888e-05 2.40769810e-05 2.40700733e-05 2.40631655e-05
 2.40562578e-05 2.40493500e-05 2.40424422e-05 2.40343832e-05
 2.40274754e-05]
3.beta2: -2.1299984931566398e-26
4.gamma: 0.00127
5.effective_length: [0.9999752  0.99997521 0.99997522 0.99997524 0.99997525 0.99997526
 0.99997527 0.99997528 0.99997529 0.99997529 0.9999753  0.99997531
 0.99997532 0.99997533 0.99997534 0.99997535 0.99997536 0.99997537
 0.99997538 0.99997539 0.99997539 0.9999754  0.99997541 0.99997542
 0.99997543 0.99997544 0.99997545 0.99997546 0.99997547 0.99997548
 0.99997549 0.9999755  0.9999755  0.99997551 0.99997552 0.99997553
 0.99997554 0.99997555 0.99997556 0.99997557 0.99997558 0.99997559
 0.9999756  0.9999756  0.99997561 0.99997562 0.99997563 0.99997564
 0.99997565 0.99997566 0.99997567 0.99997568 0.99997569 0.9999757
 0.99997571 0.99997571 0.99997572 0.99997573 0.99997573 0.99997574
 0.99997575 0.99997576 0.99997576 0.99997577 0.99997578 0.99997578
 0.99997579 0.9999758  0.9999758  0.99997581 0.99997582 0.99997583
 0.99997583 0.99997584 0.99997585 0.99997585 0.99997586 0.99997587
 0.99997587 0.99997588 0.99997589 0.99997589 0.9999759  0.99997591
 0.99997592 0.99997592 0.99997593 0.99997594 0.99997594 0.99997595
 0.99997596 0.99997597 0.99997597]
6.asymptotic_length: [20159.42449535 20169.72329107 20180.97034866 20192.22995645
 20201.62256504 20209.14294571 20216.66892763 20224.20051706
 20231.73772027 20238.33738307 20245.88512905 20253.43850689
 20260.99752289 20268.56218338 20276.13249467 20283.70846309
 20290.34208107 20297.92867374 20305.5209418  20313.11889164
 20320.72252963 20328.33186216 20335.94689564 20343.56763646
 20351.19409106 20357.87193096 20365.50911621 20373.15203374
 20380.80069    20388.45509146 20396.1152446  20403.7811559
 20411.45283185 20419.13027896 20426.81350375 20434.50251274
 20442.19731246 20449.89790946 20457.60431029 20464.35217714
 20472.06947786 20479.7926013  20487.52155407 20495.25634277
 20502.996974   20510.74345439 20518.49579057 20526.25398919
 20534.01805689 20541.78800034 20549.56382622 20557.34554119
 20565.13315197 20572.92666524 20580.72608773 20587.55543509
 20593.41276984 20599.27343847 20605.13744381 20611.00478873
 20616.87547606 20622.74950868 20628.62688943 20634.50762119
 20640.39170682 20646.27914919 20652.16995117 20658.06411565
 20663.96164549 20669.86254358 20675.76681282 20682.65939153
 20688.57097481 20694.4859384  20700.40428519 20706.32601808
 20712.25113999 20718.17965381 20724.11156248 20730.04686889
 20735.98557598 20741.92768666 20747.87320386 20754.81394998
 20760.76685804 20766.72318191 20772.68292453 20778.64608886
 20784.61267783 20790.5826944  20796.55614151 20803.52950293
 20809.51039306]
7.channel_under_test: 1
8.symbol_rate_cut: 32000000000.0
9.bw_cut: 32000000000.0
10.pwr_cut: 1.9924042512162526e-05
11.g_cut: 6.22626328505079e-16
12.symbol_rate_ch: 32000000000.0
13.pwr_ch: 1.9924042512162526e-05
14.g_ch: 6.22626328505079e-16
15.psi: 1.5171076054076698
16.g_nli: 3.661835492003927e-46
17. test
18.g_nli: 1.29719018146229e-31
****************************
<ch1:191.35THz>
****************************
[gn model] nli_noise_in  7.542046813773059e-09 ,nli_noise_out  7.54204681377721e-09
attenuation 1.0000495804912943
[span] prev_component != LineTerminal:index 1, power: 1.992305e-05dB, ase_noise: 2.103755e-08dB, nli_noise: 7.541673e-09 dB, osnr: 2.976361e+01, gosnr: 2.843306e+01 

[span] LineTerminal if hasattr(next component, 'link_to_port_in') 5
*** t2 receiving <ch1:191.35THz> at port 5: Success! gOSNR: 28.433055 dB OSNR: 29.763608 dB 
*** power: 0.000020dB ase_noise: 0.000000 nli_noise: 0.000000 ***
[span 2] propagate after att:index 1, power: 1.992305e-05dB, ase_noise: 2.103755e-08dB, nli_noise: 7.541673e-09 dB, osnr: 2.976361e+01, gosnr: 2.843306e+01

