16, 4
28.186485661378914
26.870123918574436
28.179958746470597
26.870421673848604
0.007664536507365943
0.00766427485863281
17, 4
28.682396596320846
26.5631445174172
28.6767086385088
26.567215785441974
0.007939269767121417
0.00793556024015614
18, 4
29.12111560902656
25.892944664729338
29.116254233366654
25.900911778610478
0.008575082654598562
0.00856722226731217
16, 6
27.316065512493036
25.583146465528475
27.304940710341455
25.586749141945617
0.008886601555781637
0.008882912211718101
17, 6
27.899284627730303
25.137259779468494
27.88928020725443
25.147810320612123
0.009355716429156157
0.009344324424811782
18, 6
28.425758465871404
24.292212026790544
28.41690338607569
24.3094905135961
0.010316685962539828
0.010296042677215934
17, 4
30.39766369084834
28.59640101219446
30.3972503602471
28.599319838598674
0.006292352985596408
0.006290261241600361
16, 4
30.168661274119856
29.003729354115187
30.167947289437777
29.00539489156597
0.006007266618759292
0.0060061286628118665
18, 4
30.588583737005482
27.91393690538449
30.588433486224208
27.91817958639109
0.006801687163953862
0.00679839265522349
16, 8
29.292249283644512
27.346919649913954
29.288323038647015
27.352592830977308
0.0072571673547828525
0.00725245734908121
17, 8
29.652305488835466
26.701070113953563
29.649072292511846
26.710613235314277
0.007814592920206696
0.007806041786440069
18, 8
29.96122983932858
25.719337253985376
29.958638929158013
25.732505308700265
0.00874823356464148
0.008734973978554383
16, 12
28.634132333314888
26.02907484081055
28.626493104946228
26.041459026563444
0.008441797236793879
0.008429778867724716
17, 12
29.07867425486288
25.199645155767406
29.07208746464395
25.2186758030928
0.00928856427652941
0.00926817926923347
18, 12
29.46737885413146
24.02554135859992
29.46180509904755
24.050248303224283
0.010640806370386736
0.010610336204372711
17, 12
28.875878081254463
28.878370321976504
0.0060952859643978235
0.006093557534455734
17, 12
28.875878081254463
28.878370321976504
0.0060952859643978235
0.006093557534455734
