12                2       27.4105  27.4066 0.0072 0.0072
12                3       28.3747  28.3724 0.0065 0.0065
12                4       28.6265  28.6246 0.0063 0.0063
12                5       28.6805  28.6789 0.0062 0.0062
12                6       28.6571  28.6555 0.0062 0.0063
12                7       28.5968  28.5952 0.0063 0.0063
12                8       28.5169  28.5153 0.0063 0.0064
12                9       28.4261  28.4244 0.0064 0.0064
12                10      28.3290  28.3272 0.0065 0.0065
13                2       27.9039  27.9006 0.0068 0.0068
13                3       28.7323  28.7306 0.0062 0.0062
13                4       28.9438  28.9426 0.0060 0.0060
13                5       28.9918  28.9908 0.0060 0.0060
13                6       28.9765  28.9755 0.0060 0.0060
13                7       28.9305  28.9295 0.0061 0.0061
13                8       28.8677  28.8666 0.0061 0.0061
13                9       28.7948  28.7937 0.0062 0.0062
13                10      28.7158  28.7146 0.0062 0.0062
14                2       28.2885  28.2860 0.0065 0.0065
14                3       28.9670  28.9660 0.0060 0.0060
14                4       29.1356  29.1352 0.0059 0.0059
14                5       29.1785  29.1783 0.0059 0.0059
14                6       29.1735  29.1734 0.0059 0.0059
14                7       29.1447  29.1445 0.0059 0.0059
14                8       29.1018  29.1015 0.0059 0.0059
14                9       29.0499  29.0495 0.0060 0.0060
14                10      28.9918  28.9914 0.0060 0.0060
15                2       28.5334  28.5317 0.0063 0.0063
15                3       29.0460  29.0460 0.0060 0.0060
15                4       29.1692  29.1697 0.0059 0.0059
15                5       29.2084  29.2092 0.0059 0.0059
15                6       29.2168  29.2176 0.0059 0.0059
15                7       29.2087  29.2095 0.0059 0.0059
15                8       29.1897  29.1903 0.0059 0.0059
15                9       29.1626  29.1631 0.0059 0.0059
15                10      29.1292  29.1297 0.0059 0.0059
16                2       28.5976  28.5969 0.0063 0.0063
16                3       28.9282  28.9292 0.0061 0.0061
16                4       29.0037  29.0054 0.0060 0.0060
16                5       29.0412  29.0431 0.0060 0.0060
16                6       29.0666  29.0685 0.0060 0.0060
16                7       29.0836  29.0854 0.0060 0.0060
16                8       29.0929  29.0947 0.0059 0.0059
16                9       29.0953  29.0969 0.0059 0.0059
16                10      29.0913  29.0928 0.0059 0.0059
17                2       28.4326  28.4331 0.0064 0.0064
17                3       28.5693  28.5715 0.0063 0.0063
17                4       28.5964  28.5993 0.0063 0.0063
17                5       28.6343  28.6375 0.0063 0.0063
17                6       28.6801  28.6833 0.0062 0.0062
17                7       28.7262  28.7294 0.0062 0.0062
17                8       28.7685  28.7715 0.0062 0.0062
17                9       28.8049  28.8078 0.0061 0.0061
17                10      28.8348  28.8376 0.0061 0.0061
18                2       27.9924  27.9940 0.0067 0.0067
18                3       27.9333  27.9368 0.0068 0.0068
18                4       27.9139  27.9182 0.0068 0.0068
18                5       27.9543  27.9589 0.0068 0.0068
18                6       28.0227  28.0274 0.0067 0.0067
18                7       28.1005  28.1051 0.0067 0.0067
18                8       28.1783  28.1829 0.0066 0.0066
18                9       28.2518  28.2562 0.0065 0.0065
18                10      28.3190  28.3233 0.0065 0.0065
19                2       27.2479  27.2507 0.0073 0.0073
19                3       27.0067  27.0114 0.0075 0.0075
19                4       26.9460  26.9515 0.0076 0.0076
19                5       26.9903  26.9962 0.0076 0.0076
19                6       27.0813  27.0873 0.0075 0.0075
19                7       27.1903  27.1963 0.0074 0.0074
19                8       27.3035  27.3095 0.0073 0.0073
19                9       27.4140  27.4199 0.0072 0.0072
19                10      27.5188  27.5246 0.0071 0.0071
