boost_target_gain ampNum t1-gOSNR t2-gOSNR t1-ber t2-ber
1                 1       10.8582  10.8474 0.0527 0.0528
1                 2       18.5348  18.5275 0.0203 0.0203
1                 3       20.2818  20.2757 0.0165 0.0165
1                 4       20.7995  20.7939 0.0155 0.0155
1                 5       20.9080  20.9026 0.0153 0.0153
1                 6       20.8473  20.8422 0.0154 0.0154
1                 7       20.7090  20.7040 0.0157 0.0157
1                 8       20.5336  20.5286 0.0160 0.0160
1                 9       20.3410  20.3361 0.0164 0.0164
1                 10      20.1417  20.1368 0.0168 0.0168
1                 11      19.9413  19.9365 0.0172 0.0172
1                 12      19.7431  19.7383 0.0176 0.0176
1                 13      19.5489  19.5441 0.0180 0.0180
1                 14      19.3594  19.3547 0.0184 0.0184
1                 15      19.1754  19.1706 0.0188 0.0188
1                 16      18.9969  18.9921 0.0192 0.0192
1                 17      18.8239  18.8191 0.0196 0.0196
1                 18      18.6563  18.6516 0.0200 0.0200
1                 19      18.4940  18.4893 0.0204 0.0204
1                 20      18.3368  18.3321 0.0208 0.0208
1                 21      18.1845  18.1797 0.0212 0.0212
1                 22      18.0368  18.0320 0.0216 0.0216
1                 23      17.8935  17.8888 0.0219 0.0220
1                 24      17.7545  17.7497 0.0223 0.0223
1                 25      17.6194  17.6147 0.0227 0.0227
1                 26      17.4882  17.4835 0.0230 0.0231
1                 27      17.3606  17.3559 0.0234 0.0234
1                 28      17.2364  17.2317 0.0238 0.0238
1                 29      17.1156  17.1108 0.0241 0.0241
1                 30      16.9978  16.9931 0.0245 0.0245
2                 1       11.8483  11.8375 0.0464 0.0465
2                 2       19.4772  19.4700 0.0182 0.0182
2                 3       21.1960  21.1900 0.0148 0.0148
2                 4       21.7029  21.6974 0.0140 0.0140
2                 5       21.8089  21.8037 0.0138 0.0138
2                 6       21.7497  21.7446 0.0139 0.0139
2                 7       21.6144  21.6095 0.0141 0.0141
2                 8       21.4427  21.4378 0.0144 0.0144
2                 9       21.2540  21.2492 0.0147 0.0147
2                 10      21.0585  21.0538 0.0151 0.0151
2                 11      20.8619  20.8572 0.0154 0.0154
2                 12      20.6672  20.6625 0.0158 0.0158
2                 13      20.4762  20.4715 0.0161 0.0161
2                 14      20.2899  20.2852 0.0165 0.0165
2                 15      20.1087  20.1040 0.0168 0.0169
2                 16      19.9329  19.9282 0.0172 0.0172
2                 17      19.7624  19.7577 0.0176 0.0176
2                 18      19.5971  19.5924 0.0179 0.0179
2                 19      19.4370  19.4323 0.0182 0.0183
2                 20      19.2818  19.2771 0.0186 0.0186
2                 21      19.1313  19.1267 0.0189 0.0189
2                 22      18.9854  18.9807 0.0193 0.0193
2                 23      18.8438  18.8391 0.0196 0.0196
2                 24      18.7063  18.7016 0.0199 0.0199
2                 25      18.5727  18.5681 0.0202 0.0202
2                 26      18.4429  18.4382 0.0205 0.0206
2                 27      18.3166  18.3119 0.0209 0.0209
2                 28      18.1937  18.1890 0.0212 0.0212
2                 29      18.0740  18.0693 0.0215 0.0215
2                 30      17.9573  17.9527 0.0218 0.0218
3                 1       12.8359  12.8252 0.0409 0.0410
3                 2       20.4057  20.3987 0.0163 0.0163
3                 3       22.0901  22.0843 0.0133 0.0133
3                 4       22.5841  22.5788 0.0126 0.0126
3                 5       22.6872  22.6822 0.0124 0.0124
3                 6       22.6296  22.6248 0.0125 0.0125
3                 7       22.4980  22.4932 0.0127 0.0127
3                 8       22.3308  22.3261 0.0130 0.0130
3                 9       22.1468  22.1422 0.0132 0.0133
3                 10      21.9560  21.9514 0.0135 0.0136
3                 11      21.7639  21.7593 0.0139 0.0139
3                 12      21.5735  21.5689 0.0142 0.0142
3                 13      21.3865  21.3819 0.0145 0.0145
3                 14      21.2039  21.1993 0.0148 0.0148
3                 15      21.0262  21.0216 0.0151 0.0151
3                 16      20.8536  20.8490 0.0154 0.0154
3                 17      20.6861  20.6815 0.0157 0.0157
3                 18      20.5237  20.5191 0.0160 0.0160
3                 19      20.3662  20.3616 0.0163 0.0163
3                 20      20.2135  20.2089 0.0166 0.0166
3                 21      20.0653  20.0607 0.0169 0.0169
3                 22      19.9216  19.9170 0.0172 0.0172
3                 23      19.7820  19.7774 0.0175 0.0175
3                 24      19.6464  19.6418 0.0178 0.0178
3                 25      19.5147  19.5100 0.0181 0.0181
3                 26      19.3865  19.3819 0.0184 0.0184
3                 27      19.2618  19.2572 0.0186 0.0186
3                 28      19.1404  19.1358 0.0189 0.0189
3                 29      19.0222  19.0175 0.0192 0.0192
3                 30      18.9069  18.9023 0.0194 0.0194
4                 1       13.8203  13.8096 0.0362 0.0362
4                 2       21.3173  21.3103 0.0146 0.0146
4                 3       22.9603  22.9546 0.0120 0.0121
4                 4       23.4389  23.4338 0.0114 0.0114
4                 5       23.5386  23.5338 0.0113 0.0113
4                 6       23.4829  23.4782 0.0113 0.0113
4                 7       23.3556  23.3510 0.0115 0.0115
4                 8       23.1937  23.1892 0.0117 0.0117
4                 9       23.0153  23.0109 0.0120 0.0120
4                 10      22.8301  22.8257 0.0122 0.0122
4                 11      22.6434  22.6390 0.0125 0.0125
4                 12      22.4581  22.4536 0.0128 0.0128
4                 13      22.2759  22.2715 0.0130 0.0131
4                 14      22.0978  22.0934 0.0133 0.0133
4                 15      21.9244  21.9199 0.0136 0.0136
4                 16      21.7557  21.7512 0.0139 0.0139
4                 17      21.5919  21.5874 0.0141 0.0141
4                 18      21.4329  21.4284 0.0144 0.0144
4                 19      21.2786  21.2741 0.0147 0.0147
4                 20      21.1289  21.1244 0.0149 0.0149
4                 21      20.9836  20.9791 0.0152 0.0152
4                 22      20.8425  20.8380 0.0154 0.0155
4                 23      20.7054  20.7009 0.0157 0.0157
4                 24      20.5721  20.5676 0.0159 0.0160
4                 25      20.4426  20.4381 0.0162 0.0162
4                 26      20.3165  20.3120 0.0164 0.0164
4                 27      20.1938  20.1893 0.0167 0.0167
4                 28      20.0742  20.0697 0.0169 0.0169
4                 29      19.9577  19.9532 0.0171 0.0172
4                 30      19.8442  19.8396 0.0174 0.0174
5                 1       14.8007  14.7901 0.0320 0.0320
5                 2       22.2082  22.2015 0.0132 0.0132
5                 3       23.8018  23.7964 0.0109 0.0109
5                 4       24.2623  24.2574 0.0104 0.0104
5                 5       24.3579  24.3534 0.0102 0.0102
5                 6       24.3046  24.3001 0.0103 0.0103
5                 7       24.1824  24.1780 0.0104 0.0105
5                 8       24.0267  24.0224 0.0106 0.0106
5                 9       23.8550  23.8507 0.0109 0.0109
5                 10      23.6764  23.6722 0.0111 0.0111
5                 11      23.4961  23.4918 0.0113 0.0113
5                 12      23.3169  23.3126 0.0116 0.0116
5                 13      23.1404  23.1362 0.0118 0.0118
5                 14      22.9677  22.9635 0.0120 0.0120
5                 15      22.7993  22.7950 0.0123 0.0123
5                 16      22.6353  22.6310 0.0125 0.0125
5                 17      22.4759  22.4716 0.0127 0.0128
5                 18      22.3211  22.3168 0.0130 0.0130
5                 19      22.1707  22.1664 0.0132 0.0132
5                 20      22.0246  22.0203 0.0134 0.0134
5                 21      21.8827  21.8783 0.0137 0.0137
5                 22      21.7448  21.7404 0.0139 0.0139
5                 23      21.6107  21.6063 0.0141 0.0141
5                 24      21.4803  21.4759 0.0143 0.0143
5                 25      21.3534  21.3490 0.0145 0.0145
5                 26      21.2299  21.2255 0.0148 0.0148
5                 27      21.1095  21.1051 0.0150 0.0150
5                 28      20.9923  20.9879 0.0152 0.0152
5                 29      20.8779  20.8735 0.0154 0.0154
5                 30      20.7664  20.7620 0.0156 0.0156
6                 1       15.7761  15.7656 0.0284 0.0284
6                 2       23.0742  23.0678 0.0119 0.0119
6                 3       24.6095  24.6044 0.0099 0.0100
6                 4       25.0489  25.0443 0.0095 0.0095
6                 5       25.1400  25.1357 0.0094 0.0094
6                 6       25.0893  25.0851 0.0094 0.0094
6                 7       24.9730  24.9689 0.0095 0.0095
6                 8       24.8246  24.8206 0.0097 0.0097
6                 9       24.6607  24.6566 0.0099 0.0099
6                 10      24.4898  24.4858 0.0101 0.0101
6                 11      24.3170  24.3130 0.0103 0.0103
6                 12      24.1449  24.1409 0.0105 0.0105
6                 13      23.9753  23.9712 0.0107 0.0107
6                 14      23.8090  23.8049 0.0109 0.0109
6                 15      23.6465  23.6424 0.0111 0.0111
6                 16      23.4881  23.4840 0.0113 0.0113
6                 17      23.3340  23.3299 0.0115 0.0115
6                 18      23.1841  23.1799 0.0117 0.0117
6                 19      23.0383  23.0341 0.0119 0.0119
6                 20      22.8965  22.8923 0.0121 0.0121
6                 21      22.7587  22.7545 0.0123 0.0123
6                 22      22.6246  22.6204 0.0125 0.0125
6                 23      22.4942  22.4899 0.0127 0.0127
6                 24      22.3672  22.3629 0.0129 0.0129
6                 25      22.2435  22.2393 0.0131 0.0131
6                 26      22.1230  22.1188 0.0133 0.0133
6                 27      22.0056  22.0013 0.0135 0.0135
6                 28      21.8911  21.8868 0.0137 0.0137
6                 29      21.7794  21.7751 0.0138 0.0138
6                 30      21.6703  21.6660 0.0140 0.0140
7                 1       16.7453  16.7349 0.0252 0.0252
7                 2       23.9106  23.9044 0.0108 0.0108
7                 3       25.3777  25.3729 0.0091 0.0091
7                 4       25.7930  25.7887 0.0087 0.0087
7                 5       25.8788  25.8749 0.0086 0.0086
7                 6       25.8312  25.8274 0.0086 0.0086
7                 7       25.7217  25.7180 0.0087 0.0087
7                 8       25.5818  25.5780 0.0089 0.0089
7                 9       25.4267  25.4230 0.0090 0.0091
7                 10      25.2648  25.2611 0.0092 0.0092
7                 11      25.1007  25.0969 0.0094 0.0094
7                 12      24.9369  24.9331 0.0096 0.0096
7                 13      24.7752  24.7713 0.0098 0.0098
7                 14      24.6163  24.6124 0.0099 0.0099
7                 15      24.4608  24.4569 0.0101 0.0101
7                 16      24.3090  24.3051 0.0103 0.0103
7                 17      24.1611  24.1572 0.0105 0.0105
7                 18      24.0170  24.0130 0.0107 0.0107
7                 19      23.8767  23.8727 0.0108 0.0108
7                 20      23.7400  23.7361 0.0110 0.0110
7                 21      23.6071  23.6030 0.0112 0.0112
7                 22      23.4775  23.4735 0.0113 0.0113
7                 23      23.3514  23.3474 0.0115 0.0115
7                 24      23.2285  23.2244 0.0117 0.0117
7                 25      23.1087  23.1046 0.0118 0.0118
7                 26      22.9919  22.9878 0.0120 0.0120
7                 27      22.8779  22.8738 0.0122 0.0122
7                 28      22.7667  22.7626 0.0123 0.0123
7                 29      22.6581  22.6540 0.0125 0.0125
7                 30      22.5521  22.5479 0.0126 0.0126
8                 1       17.7067  17.6964 0.0224 0.0225
8                 2       24.7115  24.7056 0.0098 0.0098
8                 3       26.1001  26.0957 0.0084 0.0084
8                 4       26.4882  26.4843 0.0080 0.0080
8                 5       26.5683  26.5647 0.0079 0.0079
8                 6       26.5242  26.5207 0.0080 0.0080
8                 7       26.4224  26.4190 0.0081 0.0081
8                 8       26.2919  26.2885 0.0082 0.0082
8                 9       26.1470  26.1436 0.0083 0.0083
8                 10      25.9953  25.9919 0.0085 0.0085
8                 11      25.8411  25.8377 0.0086 0.0086
8                 12      25.6869  25.6834 0.0088 0.0088
8                 13      25.5343  25.5307 0.0089 0.0089
8                 14      25.3840  25.3804 0.0091 0.0091
8                 15      25.2366  25.2330 0.0092 0.0093
8                 16      25.0925  25.0889 0.0094 0.0094
8                 17      24.9518  24.9481 0.0096 0.0096
8                 18      24.8144  24.8107 0.0097 0.0097
8                 19      24.6805  24.6768 0.0099 0.0099
8                 20      24.5499  24.5462 0.0100 0.0100
8                 21      24.4226  24.4188 0.0102 0.0102
8                 22      24.2985  24.2947 0.0103 0.0103
8                 23      24.1774  24.1736 0.0105 0.0105
8                 24      24.0594  24.0555 0.0106 0.0106
8                 25      23.9441  23.9403 0.0107 0.0107
8                 26      23.8317  23.8278 0.0109 0.0109
8                 27      23.7218  23.7179 0.0110 0.0110
8                 28      23.6145  23.6106 0.0112 0.0112
8                 29      23.5097  23.5057 0.0113 0.0113
8                 30      23.4072  23.4032 0.0114 0.0114
9                 1       18.6583  18.6481 0.0200 0.0200
9                 2       25.4705  25.4650 0.0090 0.0090
9                 3       26.7698  26.7658 0.0078 0.0078
9                 4       27.1277  27.1243 0.0074 0.0074
9                 5       27.2016  27.1984 0.0074 0.0074
9                 6       27.1615  27.1585 0.0074 0.0074
9                 7       27.0684  27.0654 0.0075 0.0075
9                 8       26.9486  26.9456 0.0076 0.0076
9                 9       26.8151  26.8120 0.0077 0.0077
9                 10      26.6749  26.6718 0.0078 0.0078
9                 11      26.5319  26.5288 0.0080 0.0080
9                 12      26.3886  26.3854 0.0081 0.0081
9                 13      26.2462  26.2430 0.0082 0.0082
9                 14      26.1058  26.1025 0.0084 0.0084
9                 15      25.9677  25.9644 0.0085 0.0085
9                 16      25.8323  25.8290 0.0086 0.0086
9                 17      25.6999  25.6965 0.0088 0.0088
9                 18      25.5704  25.5669 0.0089 0.0089
9                 19      25.4438  25.4404 0.0090 0.0090
9                 20      25.3203  25.3168 0.0092 0.0092
9                 21      25.1996  25.1960 0.0093 0.0093
9                 22      25.0817  25.0782 0.0094 0.0094
9                 23      24.9666  24.9630 0.0095 0.0095
9                 24      24.8542  24.8505 0.0097 0.0097
9                 25      24.7443  24.7406 0.0098 0.0098
9                 26      24.6369  24.6332 0.0099 0.0099
9                 27      24.5319  24.5282 0.0100 0.0100
9                 28      24.4292  24.4255 0.0102 0.0102
9                 29      24.3288  24.3250 0.0103 0.0103
9                 30      24.2305  24.2267 0.0104 0.0104
10                1       19.5975  19.5874 0.0179 0.0179
10                2       26.1799  26.1749 0.0083 0.0083
10                3       27.3789  27.3754 0.0072 0.0072
10                4       27.7039  27.7010 0.0070 0.0070
10                5       27.7712  27.7685 0.0069 0.0069
10                6       27.7358  27.7332 0.0069 0.0069
10                7       27.6524  27.6498 0.0070 0.0070
10                8       27.5444  27.5418 0.0071 0.0071
10                9       27.4236  27.4210 0.0072 0.0072
10                10      27.2963  27.2935 0.0073 0.0073
10                11      27.1659  27.1631 0.0074 0.0074
10                12      27.0347  27.0319 0.0075 0.0075
10                13      26.9040  26.9011 0.0076 0.0076
10                14      26.7746  26.7717 0.0077 0.0078
10                15      26.6470  26.6441 0.0079 0.0079
10                16      26.5217  26.5186 0.0080 0.0080
10                17      26.3987  26.3956 0.0081 0.0081
10                18      26.2781  26.2750 0.0082 0.0082
10                19      26.1600  26.1569 0.0083 0.0083
10                20      26.0445  26.0413 0.0084 0.0084
10                21      25.9314  25.9282 0.0085 0.0085
10                22      25.8208  25.8175 0.0086 0.0086
10                23      25.7125  25.7092 0.0088 0.0088
10                24      25.6066  25.6033 0.0089 0.0089
10                25      25.5029  25.4996 0.0090 0.0090
10                26      25.4015  25.3981 0.0091 0.0091
10                27      25.3021  25.2987 0.0092 0.0092
10                28      25.2048  25.2014 0.0093 0.0093
10                29      25.1095  25.1060 0.0094 0.0094
10                30      25.0161  25.0126 0.0095 0.0095
11                1       20.5209  20.5110 0.0160 0.0161
11                2       26.8305  26.8260 0.0077 0.0077
11                3       27.9179  27.9150 0.0068 0.0068
11                4       28.2076  28.2051 0.0066 0.0066
11                5       28.2682  28.2659 0.0065 0.0065
11                6       28.2382  28.2360 0.0066 0.0066
11                7       28.1656  28.1634 0.0066 0.0066
11                8       28.0709  28.0687 0.0067 0.0067
11                9       27.9642  27.9620 0.0068 0.0068
11                10      27.8511  27.8488 0.0069 0.0069
11                11      27.7348  27.7324 0.0069 0.0069
11                12      27.6171  27.6147 0.0070 0.0070
11                13      27.4995  27.4970 0.0071 0.0071
11                14      27.3825  27.3800 0.0072 0.0072
11                15      27.2668  27.2642 0.0073 0.0073
11                16      27.1527  27.1500 0.0074 0.0074
11                17      27.0403  27.0376 0.0075 0.0075
11                18      26.9299  26.9271 0.0076 0.0076
11                19      26.8214  26.8187 0.0077 0.0077
11                20      26.7150  26.7122 0.0078 0.0078
11                21      26.6106  26.6078 0.0079 0.0079
11                22      26.5083  26.5053 0.0080 0.0080
11                23      26.4079  26.4049 0.0081 0.0081
11                24      26.3095  26.3064 0.0082 0.0082
11                25      26.2129  26.2099 0.0083 0.0083
11                26      26.1183  26.1152 0.0084 0.0084
11                27      26.0255  26.0223 0.0084 0.0084
11                28      25.9344  25.9312 0.0085 0.0085
11                29      25.8450  25.8418 0.0086 0.0086
11                30      25.7574  25.7541 0.0087 0.0087
12                1       21.4240  21.4144 0.0144 0.0144
12                2       27.4105  27.4066 0.0072 0.0072
12                3       28.3747  28.3724 0.0065 0.0065
12                4       28.6265  28.6246 0.0063 0.0063
12                5       28.6805  28.6789 0.0062 0.0062
12                6       28.6571  28.6555 0.0062 0.0063
12                7       28.5968  28.5952 0.0063 0.0063
12                8       28.5169  28.5153 0.0063 0.0064
12                9       28.4261  28.4244 0.0064 0.0064
12                10      28.3290  28.3272 0.0065 0.0065
12                11      28.2283  28.2265 0.0066 0.0066
12                12      28.1259  28.1240 0.0066 0.0066
12                13      28.0228  28.0208 0.0067 0.0067
12                14      27.9198  27.9178 0.0068 0.0068
12                15      27.8174  27.8153 0.0069 0.0069
12                16      27.7159  27.7137 0.0070 0.0070
12                17      27.6156  27.6134 0.0070 0.0070
12                18      27.5166  27.5143 0.0071 0.0071
12                19      27.4191  27.4167 0.0072 0.0072
12                20      27.3230  27.3206 0.0073 0.0073
12                21      27.2285  27.2260 0.0074 0.0074
12                22      27.1356  27.1330 0.0074 0.0074
12                23      27.0441  27.0415 0.0075 0.0075
12                24      26.9543  26.9516 0.0076 0.0076
12                25      26.8659  26.8632 0.0077 0.0077
12                26      26.7791  26.7764 0.0077 0.0077
12                27      26.6937  26.6910 0.0078 0.0078
12                28      26.6098  26.6070 0.0079 0.0079
12                29      26.5273  26.5245 0.0080 0.0080
12                30      26.4462  26.4433 0.0080 0.0080
13                1       22.3005  22.2912 0.0130 0.0130
13                2       27.9039  27.9006 0.0068 0.0068
13                3       28.7323  28.7306 0.0062 0.0062
13                4       28.9438  28.9426 0.0060 0.0060
13                5       28.9918  28.9908 0.0060 0.0060
13                6       28.9765  28.9755 0.0060 0.0060
13                7       28.9305  28.9295 0.0061 0.0061
13                8       28.8677  28.8666 0.0061 0.0061
13                9       28.7948  28.7937 0.0062 0.0062
13                10      28.7158  28.7146 0.0062 0.0062
13                11      28.6329  28.6317 0.0063 0.0063
13                12      28.5477  28.5464 0.0063 0.0063
13                13      28.4611  28.4597 0.0064 0.0064
13                14      28.3739  28.3724 0.0065 0.0065
13                15      28.2866  28.2850 0.0065 0.0065
13                16      28.1994  28.1978 0.0066 0.0066
13                17      28.1128  28.1110 0.0066 0.0067
13                18      28.0268  28.0250 0.0067 0.0067
13                19      27.9416  27.9397 0.0068 0.0068
13                20      27.8573  27.8554 0.0068 0.0068
13                21      27.7740  27.7720 0.0069 0.0069
13                22      27.6918  27.6897 0.0070 0.0070
13                23      27.6106  27.6085 0.0070 0.0070
13                24      27.5305  27.5283 0.0071 0.0071
13                25      27.4516  27.4493 0.0072 0.0072
13                26      27.3737  27.3714 0.0072 0.0072
13                27      27.2969  27.2945 0.0073 0.0073
13                28      27.2212  27.2188 0.0074 0.0074
13                29      27.1466  27.1442 0.0074 0.0074
13                30      27.0731  27.0706 0.0075 0.0075
14                1       23.1412  23.1322 0.0118 0.0118
14                2       28.2885  28.2860 0.0065 0.0065
14                3       28.9670  28.9660 0.0060 0.0060
14                4       29.1356  29.1352 0.0059 0.0059
14                5       29.1785  29.1783 0.0059 0.0059
14                6       29.1735  29.1734 0.0059 0.0059
14                7       29.1447  29.1445 0.0059 0.0059
14                8       29.1018  29.1015 0.0059 0.0059
14                9       29.0499  29.0495 0.0060 0.0060
14                10      28.9918  28.9914 0.0060 0.0060
14                11      28.9295  28.9289 0.0061 0.0061
14                12      28.8640  28.8634 0.0061 0.0061
14                13      28.7965  28.7957 0.0062 0.0062
14                14      28.7274  28.7265 0.0062 0.0062
14                15      28.6573  28.6564 0.0062 0.0062
14                16      28.5867  28.5856 0.0063 0.0063
14                17      28.5157  28.5146 0.0064 0.0064
14                18      28.4446  28.4434 0.0064 0.0064
14                19      28.3737  28.3724 0.0065 0.0065
14                20      28.3030  28.3016 0.0065 0.0065
14                21      28.2326  28.2311 0.0066 0.0066
14                22      28.1627  28.1612 0.0066 0.0066
14                23      28.0933  28.0917 0.0067 0.0067
14                24      28.0245  28.0228 0.0067 0.0067
14                25      27.9563  27.9546 0.0068 0.0068
14                26      27.8887  27.8870 0.0068 0.0068
14                27      27.8219  27.8200 0.0069 0.0069
14                28      27.7557  27.7538 0.0069 0.0069
14                29      27.6902  27.6883 0.0070 0.0070
14                30      27.6255  27.6235 0.0070 0.0070
15                1       23.9319  23.9234 0.0108 0.0108
15                2       28.5334  28.5317 0.0063 0.0063
15                3       29.0460  29.0460 0.0060 0.0060
15                4       29.1692  29.1697 0.0059 0.0059
15                5       29.2084  29.2092 0.0059 0.0059
15                6       29.2168  29.2176 0.0059 0.0059
15                7       29.2087  29.2095 0.0059 0.0059
15                8       29.1897  29.1903 0.0059 0.0059
15                9       29.1626  29.1631 0.0059 0.0059
15                10      29.1292  29.1297 0.0059 0.0059
15                11      29.0910  29.0913 0.0059 0.0059
15                12      29.0488  29.0490 0.0060 0.0060
15                13      29.0035  29.0036 0.0060 0.0060
15                14      28.9557  28.9557 0.0060 0.0060
15                15      28.9059  28.9058 0.0061 0.0061
15                16      28.8545  28.8543 0.0061 0.0061
15                17      28.8019  28.8015 0.0061 0.0061
15                18      28.7483  28.7478 0.0062 0.0062
15                19      28.6939  28.6934 0.0062 0.0062
15                20      28.6391  28.6384 0.0063 0.0063
15                21      28.5838  28.5831 0.0063 0.0063
15                22      28.5283  28.5275 0.0063 0.0063
15                23      28.4727  28.4718 0.0064 0.0064
15                24      28.4171  28.4161 0.0064 0.0064
15                25      28.3615  28.3604 0.0065 0.0065
15                26      28.3060  28.3049 0.0065 0.0065
15                27      28.2508  28.2496 0.0065 0.0065
15                28      28.1957  28.1944 0.0066 0.0066
15                29      28.1409  28.1396 0.0066 0.0066
15                30      28.0865  28.0851 0.0067 0.0067
16                1       24.6511  24.6431 0.0099 0.0099
16                2       28.5976  28.5969 0.0063 0.0063
16                3       28.9282  28.9292 0.0061 0.0061
16                4       29.0037  29.0054 0.0060 0.0060
16                5       29.0412  29.0431 0.0060 0.0060
16                6       29.0666  29.0685 0.0060 0.0060
16                7       29.0836  29.0854 0.0060 0.0060
16                8       29.0929  29.0947 0.0059 0.0059
16                9       29.0953  29.0969 0.0059 0.0059
16                10      29.0913  29.0928 0.0059 0.0059
16                11      29.0816  29.0830 0.0060 0.0060
16                12      29.0670  29.0682 0.0060 0.0060
16                13      29.0481  29.0492 0.0060 0.0060
16                14      29.0255  29.0264 0.0060 0.0060
16                15      28.9997  29.0005 0.0060 0.0060
16                16      28.9711  28.9718 0.0060 0.0060
16                17      28.9402  28.9408 0.0061 0.0061
16                18      28.9073  28.9078 0.0061 0.0061
16                19      28.8727  28.8730 0.0061 0.0061
16                20      28.8366  28.8368 0.0061 0.0061
16                21      28.7993  28.7994 0.0061 0.0061
16                22      28.7609  28.7610 0.0062 0.0062
16                23      28.7217  28.7216 0.0062 0.0062
16                24      28.6817  28.6815 0.0062 0.0062
16                25      28.6411  28.6409 0.0063 0.0063
16                26      28.6000  28.5997 0.0063 0.0063
16                27      28.5585  28.5581 0.0063 0.0063
16                28      28.5167  28.5162 0.0063 0.0064
16                29      28.4746  28.4741 0.0064 0.0064
16                30      28.4324  28.4317 0.0064 0.0064
17                1       25.2646  25.2574 0.0092 0.0092
17                2       28.4326  28.4331 0.0064 0.0064
17                3       28.5693  28.5715 0.0063 0.0063
17                4       28.5964  28.5993 0.0063 0.0063
17                5       28.6343  28.6375 0.0063 0.0063
17                6       28.6801  28.6833 0.0062 0.0062
17                7       28.7262  28.7294 0.0062 0.0062
17                8       28.7685  28.7715 0.0062 0.0062
17                9       28.8049  28.8078 0.0061 0.0061
17                10      28.8348  28.8376 0.0061 0.0061
17                11      28.8584  28.8610 0.0061 0.0061
17                12      28.8759  28.8784 0.0061 0.0061
17                13      28.8878  28.8902 0.0061 0.0061
17                14      28.8948  28.8970 0.0061 0.0061
17                15      28.8972  28.8992 0.0061 0.0061
17                16      28.8956  28.8975 0.0061 0.0061
17                17      28.8904  28.8921 0.0061 0.0061
17                18      28.8820  28.8836 0.0061 0.0061
17                19      28.8708  28.8723 0.0061 0.0061
17                20      28.8571  28.8584 0.0061 0.0061
17                21      28.8411  28.8424 0.0061 0.0061
17                22      28.8232  28.8243 0.0061 0.0061
17                23      28.8035  28.8045 0.0061 0.0061
17                24      28.7823  28.7831 0.0062 0.0062
17                25      28.7596  28.7604 0.0062 0.0062
17                26      28.7357  28.7364 0.0062 0.0062
17                27      28.7108  28.7114 0.0062 0.0062
17                28      28.6849  28.6853 0.0062 0.0062
17                29      28.6581  28.6585 0.0062 0.0062
17                30      28.6305  28.6308 0.0063 0.0063
18                1       25.7217  25.7154 0.0087 0.0088
18                2       27.9924  27.9940 0.0067 0.0067
18                3       27.9333  27.9368 0.0068 0.0068
18                4       27.9139  27.9182 0.0068 0.0068
18                5       27.9543  27.9589 0.0068 0.0068
18                6       28.0227  28.0274 0.0067 0.0067
18                7       28.1005  28.1051 0.0067 0.0067
18                8       28.1783  28.1829 0.0066 0.0066
18                9       28.2518  28.2562 0.0065 0.0065
18                10      28.3190  28.3233 0.0065 0.0065
18                11      28.3793  28.3834 0.0064 0.0064
18                12      28.4325  28.4365 0.0064 0.0064
18                13      28.4790  28.4828 0.0064 0.0064
18                14      28.5193  28.5229 0.0063 0.0063
18                15      28.5537  28.5572 0.0063 0.0063
18                16      28.5828  28.5861 0.0063 0.0063
18                17      28.6071  28.6102 0.0063 0.0063
18                18      28.6269  28.6300 0.0063 0.0063
18                19      28.6428  28.6457 0.0063 0.0063
18                20      28.6551  28.6578 0.0063 0.0062
18                21      28.6640  28.6666 0.0062 0.0062
18                22      28.6700  28.6724 0.0062 0.0062
18                23      28.6733  28.6756 0.0062 0.0062
18                24      28.6741  28.6763 0.0062 0.0062
18                25      28.6726  28.6747 0.0062 0.0062
18                26      28.6692  28.6711 0.0062 0.0062
18                27      28.6639  28.6657 0.0062 0.0062
18                28      28.6569  28.6586 0.0062 0.0062
18                29      28.6483  28.6499 0.0063 0.0063
18                30      28.6384  28.6399 0.0063 0.0063
19                1       25.9529  25.9477 0.0085 0.0085
19                2       27.2479  27.2507 0.0073 0.0073
19                3       27.0067  27.0114 0.0075 0.0075
19                4       26.9460  26.9515 0.0076 0.0076
19                5       26.9903  26.9962 0.0076 0.0076
19                6       27.0813  27.0873 0.0075 0.0075
19                7       27.1903  27.1963 0.0074 0.0074
19                8       27.3035  27.3095 0.0073 0.0073
19                9       27.4140  27.4199 0.0072 0.0072
19                10      27.5188  27.5246 0.0071 0.0071
19                11      27.6165  27.6221 0.0070 0.0070
19                12      27.7065  27.7120 0.0070 0.0070
19                13      27.7889  27.7943 0.0069 0.0069
19                14      27.8641  27.8693 0.0068 0.0068
19                15      27.9324  27.9374 0.0068 0.0068
19                16      27.9943  27.9992 0.0067 0.0067
19                17      28.0502  28.0549 0.0067 0.0067
19                18      28.1007  28.1053 0.0067 0.0067
19                19      28.1461  28.1505 0.0066 0.0066
19                20      28.1869  28.1912 0.0066 0.0066
19                21      28.2234  28.2276 0.0066 0.0066
19                22      28.2560  28.2600 0.0065 0.0065
19                23      28.2850  28.2888 0.0065 0.0065
19                24      28.3106  28.3143 0.0065 0.0065
19                25      28.3332  28.3368 0.0065 0.0065
19                26      28.3529  28.3564 0.0065 0.0065
19                27      28.3700  28.3734 0.0065 0.0065
19                28      28.3847  28.3880 0.0064 0.0064
19                29      28.3972  28.4003 0.0064 0.0064
19                30      28.4076  28.4106 0.0064 0.0064
20                1       25.8786  25.8746 0.0086 0.0086
20                2       26.2012  26.2049 0.0083 0.0083
20                3       25.8055  25.8113 0.0087 0.0087
20                4       25.7113  25.7179 0.0088 0.0087
20                5       25.7599  25.7670 0.0087 0.0087
20                6       25.8712  25.8784 0.0086 0.0086
20                7       26.0081  26.0154 0.0085 0.0085
20                8       26.1529  26.1602 0.0083 0.0083
20                9       26.2970  26.3043 0.0082 0.0082
20                10      26.4362  26.4434 0.0081 0.0080
20                11      26.5684  26.5755 0.0079 0.0079
20                12      26.6928  26.6998 0.0078 0.0078
20                13      26.8091  26.8160 0.0077 0.0077
20                14      26.9176  26.9244 0.0076 0.0076
20                15      27.0186  27.0252 0.0075 0.0075
20                16      27.1124  27.1189 0.0075 0.0074
20                17      27.1995  27.2058 0.0074 0.0074
20                18      27.2804  27.2866 0.0073 0.0073
20                19      27.3554  27.3614 0.0073 0.0072
20                20      27.4250  27.4309 0.0072 0.0072
20                21      27.4896  27.4954 0.0071 0.0071
20                22      27.5495  27.5551 0.0071 0.0071
20                23      27.6050  27.6106 0.0070 0.0070
20                24      27.6566  27.6620 0.0070 0.0070
20                25      27.7043  27.7096 0.0070 0.0070
20                26      27.7486  27.7537 0.0069 0.0069
20                27      27.7896  27.7946 0.0069 0.0069
20                28      27.8275  27.8324 0.0069 0.0069
20                29      27.8626  27.8674 0.0068 0.0068
20                30      27.8950  27.8997 0.0068 0.0068
21                1       25.4330  25.4302 0.0090 0.0090
21                2       24.8858  24.8904 0.0096 0.0096
21                3       24.3709  24.3775 0.0102 0.0102
21                4       24.2516  24.2591 0.0104 0.0104
21                5       24.3043  24.3123 0.0103 0.0103
21                6       24.4320  24.4403 0.0102 0.0101
21                7       24.5914  24.5998 0.0100 0.0100
21                8       24.7620  24.7704 0.0098 0.0098
21                9       24.9337  24.9421 0.0096 0.0096
21                10      25.1013  25.1097 0.0094 0.0094
21                11      25.2624  25.2707 0.0092 0.0092
21                12      25.4158  25.4241 0.0091 0.0091
21                13      25.5611  25.5693 0.0089 0.0089
21                14      25.6984  25.7065 0.0088 0.0088
21                15      25.8277  25.8358 0.0086 0.0086
21                16      25.9496  25.9575 0.0085 0.0085
21                17      26.0644  26.0722 0.0084 0.0084
21                18      26.1725  26.1802 0.0083 0.0083
21                19      26.2744  26.2819 0.0082 0.0082
21                20      26.3703  26.3778 0.0081 0.0081
21                21      26.4607  26.4681 0.0080 0.0080
21                22      26.5460  26.5533 0.0080 0.0079
21                23      26.6265  26.6336 0.0079 0.0079
21                24      26.7025  26.7095 0.0078 0.0078
21                25      26.7742  26.7811 0.0077 0.0077
21                26      26.8420  26.8487 0.0077 0.0077
21                27      26.9060  26.9127 0.0076 0.0076
21                28      26.9666  26.9731 0.0076 0.0076
21                29      27.0238  27.0303 0.0075 0.0075
21                30      27.0780  27.0844 0.0075 0.0075
22                1       24.5953  24.5935 0.0100 0.0100
22                2       23.3553  23.3605 0.0115 0.0115
22                3       22.7551  22.7623 0.0123 0.0123
22                4       22.6183  22.6264 0.0125 0.0125
22                5       22.6744  22.6831 0.0125 0.0124
22                6       22.8144  22.8234 0.0123 0.0122
22                7       22.9906  22.9997 0.0120 0.0120
22                8       23.1805  23.1897 0.0117 0.0117
22                9       23.3729  23.3822 0.0115 0.0115
22                10      23.5621  23.5714 0.0112 0.0112
22                11      23.7453  23.7546 0.0110 0.0110
22                12      23.9211  23.9304 0.0108 0.0108
22                13      24.0890  24.0982 0.0106 0.0106
22                14      24.2488  24.2580 0.0104 0.0104
22                15      24.4007  24.4099 0.0102 0.0102
22                16      24.5451  24.5541 0.0100 0.0100
22                17      24.6822  24.6911 0.0099 0.0099
22                18      24.8124  24.8213 0.0097 0.0097
22                19      24.9361  24.9450 0.0096 0.0096
22                20      25.0538  25.0626 0.0094 0.0094
22                21      25.1657  25.1744 0.0093 0.0093
22                22      25.2723  25.2809 0.0092 0.0092
22                23      25.3738  25.3823 0.0091 0.0091
22                24      25.4706  25.4790 0.0090 0.0090
22                25      25.5629  25.5712 0.0089 0.0089
22                26      25.6510  25.6592 0.0088 0.0088
22                27      25.7351  25.7432 0.0087 0.0087
22                28      25.8154  25.8235 0.0087 0.0086
22                29      25.8923  25.9003 0.0086 0.0086
22                30      25.9658  25.9737 0.0085 0.0085
23                1       23.4024  23.4013 0.0114 0.0114
23                2       21.6661  21.6717 0.0140 0.0140
23                3       21.0085  21.0162 0.0151 0.0151
23                4       20.8602  20.8688 0.0154 0.0154
23                5       20.9188  20.9280 0.0153 0.0153
23                6       21.0675  21.0769 0.0150 0.0150
23                7       21.2554  21.2651 0.0147 0.0147
23                8       21.4589  21.4687 0.0144 0.0143
23                9       21.6659  21.6758 0.0140 0.0140
23                10      21.8705  21.8805 0.0137 0.0137
23                11      22.0695  22.0795 0.0134 0.0134
23                12      22.2614  22.2714 0.0131 0.0131
23                13      22.4456  22.4556 0.0128 0.0128
23                14      22.6218  22.6318 0.0125 0.0125
23                15      22.7902  22.8002 0.0123 0.0123
23                16      22.9511  22.9610 0.0121 0.0120
23                17      23.1047  23.1146 0.0118 0.0118
23                18      23.2514  23.2613 0.0116 0.0116
23                19      23.3916  23.4014 0.0115 0.0114
23                20      23.5257  23.5355 0.0113 0.0113
23                21      23.6540  23.6637 0.0111 0.0111
23                22      23.7768  23.7865 0.0110 0.0109
23                23      23.8945  23.9041 0.0108 0.0108
23                24      24.0074  24.0169 0.0107 0.0107
23                25      24.1157  24.1252 0.0105 0.0105
23                26      24.2197  24.2291 0.0104 0.0104
23                27      24.3196  24.3290 0.0103 0.0103
23                28      24.4157  24.4250 0.0102 0.0102
23                29      24.5082  24.5174 0.0101 0.0101
23                30      24.5972  24.6063 0.0100 0.0099
24                1       21.9297  21.9292 0.0136 0.0136
24                2       19.8671  19.8730 0.0173 0.0173
24                3       19.1724  19.1803 0.0188 0.0188
24                4       19.0166  19.0255 0.0192 0.0192
24                5       19.0771  19.0866 0.0190 0.0190
24                6       19.2316  19.2414 0.0187 0.0187
24                7       19.4274  19.4375 0.0183 0.0182
24                8       19.6400  19.6502 0.0178 0.0178
24                9       19.8569  19.8672 0.0174 0.0173
24                10      20.0719  20.0823 0.0169 0.0169
24                11      20.2816  20.2921 0.0165 0.0165
24                12      20.4845  20.4950 0.0161 0.0161
24                13      20.6798  20.6903 0.0157 0.0157
24                14      20.8673  20.8779 0.0154 0.0154
24                15      21.0471  21.0577 0.0151 0.0151
24                16      21.2194  21.2300 0.0148 0.0148
24                17      21.3845  21.3951 0.0145 0.0145
24                18      21.5428  21.5533 0.0142 0.0142
24                19      21.6946  21.7051 0.0140 0.0140
24                20      21.8402  21.8507 0.0137 0.0137
24                21      21.9801  21.9905 0.0135 0.0135
24                22      22.1145  22.1249 0.0133 0.0133
24                23      22.2438  22.2542 0.0131 0.0131
24                24      22.3682  22.3786 0.0129 0.0129
24                25      22.4881  22.4984 0.0127 0.0127
24                26      22.6036  22.6139 0.0126 0.0125
24                27      22.7150  22.7253 0.0124 0.0124
24                28      22.8226  22.8328 0.0122 0.0122
24                29      22.9265  22.9367 0.0121 0.0121
24                30      23.0269  23.0370 0.0120 0.0119
25                1       20.2601  20.2598 0.0165 0.0165
25                2       17.9952  18.0012 0.0217 0.0217
25                3       17.2770  17.2851 0.0236 0.0236
25                4       17.1166  17.1256 0.0241 0.0241
25                5       17.1783  17.1879 0.0239 0.0239
25                6       17.3366  17.3466 0.0235 0.0234
25                7       17.5376  17.5479 0.0229 0.0229
25                8       17.7561  17.7666 0.0223 0.0223
25                9       17.9795  17.9901 0.0217 0.0217
25                10      18.2013  18.2120 0.0211 0.0211
25                11      18.4180  18.4288 0.0206 0.0206
25                12      18.6282  18.6390 0.0201 0.0201
25                13      18.8308  18.8417 0.0196 0.0196
25                14      19.0258  19.0367 0.0192 0.0191
25                15      19.2132  19.2241 0.0187 0.0187
25                16      19.3931  19.4040 0.0183 0.0183
25                17      19.5659  19.5768 0.0180 0.0179
25                18      19.7318  19.7428 0.0176 0.0176
25                19      19.8914  19.9023 0.0173 0.0173
25                20      20.0448  20.0557 0.0170 0.0170
25                21      20.1925  20.2034 0.0167 0.0167
25                22      20.3347  20.3456 0.0164 0.0164
25                23      20.4718  20.4827 0.0161 0.0161
25                24      20.6041  20.6150 0.0159 0.0159
25                25      20.7318  20.7427 0.0156 0.0156
25                26      20.8552  20.8661 0.0154 0.0154
25                27      20.9745  20.9854 0.0152 0.0152
25                28      21.0900  21.1008 0.0150 0.0150
25                29      21.2018  21.2126 0.0148 0.0148
25                30      21.3101  21.3209 0.0146 0.0146
26                1       18.4620  18.4619 0.0205 0.0205
26                2       16.0761  16.0822 0.0274 0.0273
26                3       15.3433  15.3515 0.0299 0.0299
26                4       15.1799  15.1891 0.0305 0.0305
26                5       15.2425  15.2523 0.0303 0.0303
26                6       15.4032  15.4134 0.0297 0.0297
26                7       15.6075  15.6180 0.0290 0.0289
26                8       15.8299  15.8405 0.0282 0.0282
26                9       16.0574  16.0682 0.0274 0.0274
26                10      16.2836  16.2945 0.0267 0.0266
26                11      16.5049  16.5159 0.0260 0.0259
26                12      16.7197  16.7307 0.0253 0.0253
26                13      16.9271  16.9382 0.0247 0.0246
26                14      17.1269  17.1381 0.0241 0.0240
26                15      17.3191  17.3303 0.0235 0.0235
26                16      17.5040  17.5152 0.0230 0.0230
26                17      17.6817  17.6930 0.0225 0.0225
26                18      17.8527  17.8640 0.0221 0.0220
26                19      18.0173  18.0285 0.0216 0.0216
26                20      18.1758  18.1870 0.0212 0.0212
26                21      18.3285  18.3398 0.0208 0.0208
26                22      18.4759  18.4872 0.0205 0.0204
26                23      18.6181  18.6294 0.0201 0.0201
26                24      18.7555  18.7668 0.0198 0.0198
26                25      18.8884  18.8997 0.0195 0.0195
26                26      19.0170  19.0283 0.0192 0.0192
26                27      19.1415  19.1528 0.0189 0.0189
26                28      19.2622  19.2734 0.0186 0.0186
26                29      19.3792  19.3904 0.0184 0.0183
26                30      19.4927  19.5040 0.0181 0.0181
27                1       16.5840  16.5839 0.0257 0.0257
27                2       14.1269  14.1331 0.0348 0.0348
27                3       13.3851  13.3934 0.0382 0.0381
27                4       13.2200  13.2292 0.0390 0.0389
27                5       13.2830  13.2929 0.0387 0.0386
27                6       13.4453  13.4556 0.0379 0.0378
27                7       13.6518  13.6623 0.0369 0.0369
27                8       13.8765  13.8873 0.0359 0.0358
27                9       14.1067  14.1176 0.0349 0.0348
27                10      14.3356  14.3467 0.0339 0.0339
27                11      14.5599  14.5710 0.0330 0.0329
27                12      14.7776  14.7888 0.0321 0.0320
27                13      14.9880  14.9993 0.0313 0.0312
27                14      15.1909  15.2022 0.0305 0.0305
27                15      15.3862  15.3976 0.0298 0.0297
27                16      15.5742  15.5856 0.0291 0.0291
27                17      15.7551  15.7666 0.0285 0.0284
27                18      15.9293  15.9408 0.0279 0.0278
27                19      16.0971  16.1086 0.0273 0.0273
27                20      16.2588  16.2703 0.0268 0.0267
27                21      16.4148  16.4263 0.0263 0.0262
27                22      16.5655  16.5770 0.0258 0.0257
27                23      16.7110  16.7225 0.0253 0.0253
27                24      16.8517  16.8632 0.0249 0.0249
27                25      16.9879  16.9994 0.0245 0.0245
27                26      17.1198  17.1313 0.0241 0.0241
27                27      17.2476  17.2592 0.0237 0.0237
27                28      17.3716  17.3832 0.0234 0.0233
27                29      17.4920  17.5035 0.0230 0.0230
27                30      17.6089  17.6205 0.0227 0.0227
28                1       14.6574  14.6574 0.0326 0.0326
28                2       12.1588  12.1651 0.0446 0.0446
28                3       11.4114  11.4197 0.0491 0.0490
28                4       11.2452  11.2545 0.0501 0.0501
28                5       11.3086  11.3185 0.0497 0.0497
28                6       11.4719  11.4822 0.0487 0.0486
28                7       11.6797  11.6903 0.0474 0.0473
28                8       11.9060  11.9168 0.0461 0.0460
28                9       12.1378  12.1488 0.0447 0.0446
28                10      12.3685  12.3796 0.0434 0.0434
28                11      12.5945  12.6057 0.0422 0.0421
28                12      12.8141  12.8254 0.0410 0.0410
28                13      13.0265  13.0378 0.0399 0.0399
28                14      13.2313  13.2427 0.0389 0.0389
28                15      13.4286  13.4400 0.0380 0.0379
28                16      13.6185  13.6300 0.0371 0.0370
28                17      13.8014  13.8130 0.0362 0.0362
28                18      13.9776  13.9892 0.0354 0.0354
28                19      14.1474  14.1590 0.0347 0.0347
28                20      14.3112  14.3228 0.0340 0.0340
28                21      14.4693  14.4809 0.0333 0.0333
28                22      14.6220  14.6336 0.0327 0.0327
28                23      14.7696  14.7812 0.0321 0.0321
28                24      14.9124  14.9241 0.0316 0.0315
28                25      15.0507  15.0624 0.0310 0.0310
28                26      15.1847  15.1964 0.0305 0.0305
28                27      15.3146  15.3263 0.0300 0.0300
28                28      15.4407  15.4524 0.0296 0.0295
28                29      15.5632  15.5749 0.0291 0.0291
28                30      15.6823  15.6940 0.0287 0.0287
29                1       12.7017  12.7017 0.0416 0.0416
29                2       10.1788  10.1851 0.0576 0.0576
29                3        9.4280   9.4363 0.0636 0.0636
29                4        9.2611   9.2704 0.0651 0.0650
29                5        9.3247   9.3347 0.0645 0.0644
29                6        9.4886   9.4990 0.0631 0.0630
29                7        9.6972   9.7079 0.0614 0.0613
29                8        9.9245   9.9353 0.0596 0.0595
29                9       10.1574  10.1684 0.0578 0.0577
29                10      10.3892  10.4003 0.0560 0.0560
29                11      10.6163  10.6276 0.0544 0.0543
29                12      10.8371  10.8484 0.0529 0.0528
29                13      11.0506  11.0621 0.0514 0.0513
29                14      11.2567  11.2681 0.0501 0.0500
29                15      11.4552  11.4667 0.0488 0.0487
29                16      11.6464  11.6580 0.0476 0.0475
29                17      11.8306  11.8422 0.0465 0.0464
29                18      12.0080  12.0197 0.0455 0.0454
29                19      12.1791  12.1908 0.0445 0.0444
29                20      12.3442  12.3559 0.0435 0.0435
29                21      12.5035  12.5153 0.0427 0.0426
29                22      12.6575  12.6693 0.0418 0.0418
29                23      12.8064  12.8182 0.0411 0.0410
29                24      12.9505  12.9623 0.0403 0.0403
29                25      13.0901  13.1019 0.0396 0.0396
29                26      13.2255  13.2373 0.0390 0.0389
29                27      13.3567  13.3685 0.0383 0.0383
29                28      13.4842  13.4960 0.0377 0.0376
29                29      13.6080  13.6198 0.0371 0.0371
29                30      13.7284  13.7402 0.0366 0.0365
30                1       10.7286  10.7286 0.0536 0.0536
30                2        8.1914   8.1977 0.0752 0.0751
30                3        7.4384   7.4468 0.0835 0.0834
30                4        7.2710   7.2804 0.0854 0.0853
30                5        7.3348   7.3448 0.0847 0.0846
30                6        7.4991   7.5095 0.0828 0.0826
30                7        7.7083   7.7189 0.0804 0.0803
30                8        7.9361   7.9470 0.0779 0.0778
30                9        8.1697   8.1807 0.0754 0.0753
30                10       8.4022   8.4133 0.0731 0.0730
30                11       8.6301   8.6413 0.0708 0.0707
30                12       8.8516   8.8629 0.0688 0.0686
30                13       9.0659   9.0773 0.0668 0.0667
30                14       9.2726   9.2842 0.0650 0.0649
30                15       9.4719   9.4835 0.0633 0.0632
30                16       9.6639   9.6755 0.0617 0.0616
30                17       9.8489   9.8605 0.0602 0.0601
30                18      10.0271  10.0388 0.0588 0.0587
30                19      10.1990  10.2108 0.0575 0.0574
30                20      10.3649  10.3766 0.0562 0.0561
30                21      10.5251  10.5368 0.0551 0.0550
30                22      10.6799  10.6917 0.0540 0.0539
30                23      10.8296  10.8414 0.0529 0.0528
30                24      10.9745  10.9864 0.0519 0.0518
30                25      11.1149  11.1268 0.0510 0.0509
30                26      11.2511  11.2629 0.0501 0.0500
30                27      11.3832  11.3951 0.0493 0.0492
30                28      11.5115  11.5234 0.0484 0.0484
30                29      11.6361  11.6480 0.0477 0.0476
30                30      11.7573  11.7693 0.0469 0.0469
